CIN,altitude,longitude,Speed,RPM,ENGINE_LOAD,AmbientAirTemp,ThrottlePos,X,Y,Z,zone,acc_angX,acc_angY,acc_angZ,Angle_Rot,TargetValue,time,trip_id
1,34.71336013,10.72710616,33.0,1586.0,38.4,35.0,19.6,-0.212,9.168,2.573,Urbaine,-1.2759462502455896,74.30411836589256,15.679421598744955,3.582520859819297,timid,2020-10-06 21:50:17,0
1,34.71364009,10.72735362,35.0,1721.0,32.9,35.0,20.0,-0.31,9.267,2.317,Urbaine,-1.8595552638065669,75.87428599418672,14.036091438865602,2.0909253512263746,timid,2020-10-06 21:50:21,0
1,34.71393121,10.72758018,36.0,1733.0,23.9,35.0,17.6,-0.073,9.48,2.439,Urbaine,-0.427459427385504,75.59769090442299,14.433750683773933,0.9881638384888376,timid,2020-10-06 21:50:25,0
1,34.71421945,10.72782189,36.0,1728.0,13.3,35.0,16.9,-0.054000000000000006,9.505,2.403,Urbaine,-0.31571116981672426,75.84070368181355,14.193683300126526,1.2880352704375255,timid,2020-10-06 21:50:29,0
1,34.71449365,10.72806,34.0,1658.0,24.7,35.0,17.6,0.093,9.417,2.608,Urbaine,0.5455270380768639,74.54227575656762,15.485680109483994,0.34489322049203963,timid,2020-10-06 21:50:33,0
1,34.71476176,10.72828245,34.0,1669.0,24.7,35.0,17.6,-0.232,9.42,2.226,Urbaine,-1.3736022142077533,76.66752991596861,13.297159543349135,1.4693346605542814,timid,2020-10-06 21:50:37,0
1,34.71505874,10.72852585,35.0,1716.0,23.1,35.0,17.6,-0.032,9.484,2.432,Urbaine,-0.18734146320750614,75.64821434679236,14.388558771496065,1.5541522647109574,timid,2020-10-06 21:50:41,0
1,34.7153478,10.72877542,36.0,1755.0,23.1,35.0,17.6,0.106,9.576,2.523,Urbaine,0.6135327773800753,75.25899978093156,14.765723294429051,3.3439081615958703,timid,2020-10-06 21:50:45,0
1,34.71564864,10.72902124,36.0,1752.0,18.4,35.0,16.1,-0.413,9.475,2.907,Urbaine,-2.3872131845905438,72.81317308459548,17.048361886453417,2.6062949283520496,timid,2020-10-06 21:50:49,0
1,34.71591933,10.72921725,34.0,1651.0,25.9,35.0,17.6,-0.138,9.104,2.439,Urbaine,-0.8392099948418065,75.01119618806327,15.002289839010038,0.33730631192400296,timid,2020-10-06 21:50:53,0
1,34.71619939,10.72944014,34.0,1655.0,25.1,35.0,17.6,-0.108,9.567,2.8360000000000003,Urbaine,-0.6203658556741783,73.50804277927311,16.51768664968202,1.1641212101386458,timid,2020-10-06 21:50:57,0
1,34.71650378,10.72967948,37.0,1781.0,23.1,35.0,17.3,0.123,9.311,2.645,Urbaine,0.7283490698996744,74.15666462266815,15.863784954749965,1.3637159683160718,timid,2020-10-06 21:51:01,0
1,34.71687635,10.72998488,35.0,1708.0,11.0,35.0,15.3,0.61,9.167,3.366,Urbaine,3.575857761531131,69.56545316404981,20.130147470767533,0.8992377536755569,timid,2020-10-06 21:51:06,0
1,34.71710286,10.73016171,29.0,1417.0,13.3,35.0,14.5,-0.171,8.972000000000003,2.456,Urbaine,-1.0535938784642438,74.68710096037418,15.312961781213676,3.312111500224873,timid,2020-10-06 21:51:10,0
1,34.71725589,10.73028509,16.0,845.0,16.9,35.0,14.1,1.3130000000000002,9.847,3.905,Urbaine,7.068723588664232,67.32478336989954,21.46828554430056,58.2178456047621,timid,2020-10-06 21:51:14,0
1,34.71733934,10.73036073,8.0,846.0,18.0,35.0,14.5,-0.21600000000000005,9.398,3.565,Urbaine,-1.2315850734422056,69.22087264761034,20.777303989616392,162.8813412111049,timid,2020-10-06 21:51:18,0
1,34.7173439,10.73035942,0.0,849.0,16.1,35.0,14.1,0.113,9.432,2.736,Urbaine,0.6595050523875969,73.84193985836862,16.18193093785124,105.04289905134443,timid,2020-10-06 21:51:22,0
1,34.71733802,10.73036326,0.0,848.0,16.1,35.0,14.5,0.07400000000000001,9.566,2.847,Urbaine,0.42498173586548943,73.45186976189537,16.58041410528693,14.295180083481275,timid,2020-10-06 21:51:26,0
1,34.71736132,10.7303841,0.0,1971.0,50.2,35.0,14.9,-1.071,9.75,1.348,Urbaine,-6.212611700503883,80.01967181186741,7.8284351703799055,43.69650576284636,timid,2020-10-06 21:51:30,0
1,34.71749626,10.73045439,12.0,1832.0,0.0,35.0,14.9,-0.895,9.673,2.824,Urbaine,-5.077716559029347,73.00323201892866,16.21626132186326,11.694100800546039,timid,2020-10-06 21:51:34,0
1,34.71764827,10.73041028,21.0,1693.0,45.5,35.0,23.1,-0.318,9.872,1.269,Urbaine,-1.8307188323241819,82.48600286580009,7.324277229068887,1.7251842906484285,timid,2020-10-06 21:51:38,0
1,34.71788609,10.73028449,29.0,2215.0,31.0,35.0,17.3,0.404,9.256,3.097,Urbaine,2.371227084192003,71.38429512303043,18.491333333043706,1.573064914516806,timid,2020-10-06 21:51:42,0
1,34.71813323,10.73014409,29.0,1419.0,37.3,35.0,19.6,0.252,9.646,2.018,Urbaine,1.4654230867199571,78.12765258040153,11.817271066881805,1.7848011956349408,timid,2020-10-06 21:51:46,0
1,34.71841404,10.7299742,31.0,1495.0,20.0,35.0,16.1,-0.434,9.771,2.679,Urbaine,-2.4538731343430595,74.50868002145532,15.32457596135951,0.9116781163478436,timid,2020-10-06 21:51:50,0
1,34.71871046,10.72980725,31.0,1525.0,34.5,35.0,18.4,-0.226,9.829,2.208,Urbaine,-1.285706706831382,77.30784265774913,12.662937013722182,4.4465401280204455,timid,2020-10-06 21:51:54,0
1,34.71900659,10.7296342,32.0,1581.0,25.9,35.0,18.0,-0.302,9.911,2.479,Urbaine,-1.6939158707805282,75.88935213006721,14.042720930992534,4.71016388956599,timid,2020-10-06 21:51:58,0
1,34.719295,10.72949444,33.0,1601.0,25.9,35.0,18.0,0.192,9.321,2.672,Urbaine,1.1348516493021406,73.99642346169902,15.99926022170302,0.4595292805539657,timid,2020-10-06 21:52:02,0
1,34.719615999999995,10.72930487,34.0,1634.0,31.8,35.0,19.2,0.192,9.814,2.224,Urbaine,1.093538556103366,77.2182712212813,12.771462868651936,1.1760312631421923,timid,2020-10-06 21:52:06,0
1,34.71992868,10.72912358,37.0,1782.0,30.2,35.0,19.6,-0.249,9.444,2.379,Urbaine,-1.4651937507480757,75.8189464573708,14.140237614186864,0.28956955060732525,timid,2020-10-06 21:52:10,0
1,34.7202688,10.7289356,37.0,1806.0,23.1,35.0,17.6,0.542,9.817,2.805,Urbaine,3.040028445074612,73.80545070999075,15.929880136886402,0.020367977341038568,timid,2020-10-06 21:52:14,0
1,34.72061743,10.72874061,38.0,1845.0,23.9,35.0,18.0,0.141,9.723,2.498,Urbaine,0.8050384070827581,75.60135480831623,14.413250873596914,2.0831394260309253,timid,2020-10-06 21:52:18,0
1,34.72096752,10.72854464,38.0,1853.0,23.9,35.0,18.0,0.173,9.602,2.782,Urbaine,0.9918449041934216,73.84366688448759,16.1623014699816,1.58296669095472,timid,2020-10-06 21:52:22,0
1,34.72131787,10.72833144,38.0,1850.0,23.9,35.0,18.0,0.606,9.245,2.408,Urbaine,3.6310890523130555,74.9976232944569,14.575402441469526,3.766453520737855,timid,2020-10-06 21:52:26,0
1,34.721663,10.72813427,38.0,1836.0,22.4,35.0,17.6,0.475,9.434,2.762,Urbaine,2.7676321697787216,73.48601056255269,16.305832608434418,1.8649178856655908,timid,2020-10-06 21:52:30,0
1,34.7220129,10.72796382,38.0,1830.0,22.7,35.0,17.6,0.6940000000000001,9.511,2.5540000000000003,Urbaine,4.032762137915008,74.48126360727531,14.999385417796711,1.0262276260035603,timid,2020-10-06 21:52:34,0
1,34.72234478,10.72781531,38.0,1829.0,22.7,35.0,17.6,-0.103,9.352,2.559,Urbaine,-0.6088969159250399,74.71644264573274,15.308903298326205,1.277816355997743,timid,2020-10-06 21:52:38,0
1,34.72266896,10.72767716,37.0,1821.0,7.1,35.0,15.3,0.385,9.438,3.487,Urbaine,2.192248159714065,69.63887231979028,20.270535676787077,2.3988095893391232,timid,2020-10-06 21:52:42,0
1,34.72298965,10.72754887,35.0,1676.0,0.0,35.0,14.9,1.365,9.386,3.077,Urbaine,7.871363615692522,70.2999332621152,17.981489376445307,3.907202596093498,timid,2020-10-06 21:52:46,0
1,34.72322332,10.72746656,20.0,824.0,16.5,35.0,14.1,-0.349,9.289,3.254,Urbaine,-2.031636440184859,70.6216716329403,19.30125571756368,0.33664132238976663,timid,2020-10-06 21:52:50,0
1,34.72336354,10.72742768,13.0,843.0,16.9,35.0,14.1,0.038,9.327,3.573,Urbaine,0.21807760943600726,69.06719598949923,20.969607654811675,151.23777811571657,timid,2020-10-06 21:52:54,0
1,34.72339418,10.72741899,1.0,854.0,17.6,35.0,14.5,-0.028,9.515,2.64,Urbaine,-0.16253616014038608,74.52363149842284,15.513519482230839,104.17948377102884,timid,2020-10-06 21:52:58,0
1,34.72338978,10.72741798,0.0,860.0,15.3,36.0,14.5,-0.094,9.46,2.61,Urbaine,-0.549034034279347,74.59789566454613,15.429896839074516,101.81751937557553,timid,2020-10-06 21:53:02,0
1,34.723394299999995,10.72740915,0.0,838.0,16.1,36.0,14.1,-0.128,9.558,2.72,Urbaine,-0.7382701455983138,74.12942605789596,15.890568426646832,63.4218533309909,timid,2020-10-06 21:53:06,0
1,34.72339291,10.72740877,0.0,846.0,15.7,36.0,14.5,-0.08900000000000001,9.526,2.7060000000000004,Urbaine,-0.5151370694828902,74.16522029068739,15.864020939884512,21.78483951767561,timid,2020-10-06 21:53:10,0
1,34.7233919,10.72740371,0.0,844.0,14.9,36.0,14.1,-0.094,9.489,2.778,Urbaine,-0.544933989858181,73.70438005415741,16.324061571558563,14.153900429790951,timid,2020-10-06 21:53:14,0
1,34.72339263,10.72739977,0.0,847.0,15.3,36.0,14.1,-0.163,9.492,2.753,Urbaine,-0.9452748321198132,73.83041588320371,16.178517349372054,10.588762708269314,timid,2020-10-06 21:53:18,0
1,34.72339397,10.72739685,0.0,836.0,15.7,36.0,14.1,-0.12,9.503,2.722,Urbaine,-0.6957970838984565,74.0329403440932,15.989158744517324,100.81775893215728,timid,2020-10-06 21:53:23,0
1,34.72339529,10.72739158,0.0,835.0,16.1,36.0,14.1,-0.077,9.467,2.738,Urbaine,-0.44784950013921937,73.89450721175551,16.136984053726646,60.91480121618486,timid,2020-10-06 21:53:27,0
1,34.72338788,10.72739116,0.0,837.0,15.7,36.0,14.1,-0.18,9.491,2.77,Urbaine,-1.043441072277831,73.72848676010409,16.274278360972488,11.455466058954356,timid,2020-10-06 21:53:31,0
1,34.72338572,10.7273867,0.0,849.0,16.1,36.0,14.1,-0.13699999999999998,9.496,2.6830000000000003,Urbaine,-0.7957573812663209,74.23472893285087,15.782218070219193,147.49846932449526,timid,2020-10-06 21:53:35,0
1,34.72338393,10.72738435,0.0,841.0,15.7,36.0,14.5,-0.08800000000000001,9.419,2.749,Urbaine,-0.5140690222926247,73.75302268965088,16.276453542121626,59.49127441090354,timid,2020-10-06 21:53:40,0
1,34.72338624,10.7273852,0.0,848.0,15.7,36.0,14.1,-0.079,9.467,2.714,Urbaine,-0.4597912856615378,74.02831124880242,16.00277421296813,26.04828339883039,timid,2020-10-06 21:53:44,0
1,34.72338844,10.7273834,0.0,839.0,16.1,36.0,14.1,-0.285,9.786,2.233,Urbaine,-1.6270741818472212,77.07794770123319,12.854020594637374,4.808403151435642,timid,2020-10-06 21:53:48,0
1,34.72344135,10.72737095,3.0,1512.0,38.8,36.0,18.8,-0.404,9.914,1.655,Urbaine,-2.3026946277166687,80.28358845609084,9.47360267242205,2.8213453070267183,timid,2020-10-06 21:53:52,0
1,34.72358125,10.72732536,17.0,1344.0,41.6,36.0,20.4,0.518,9.581,1.297,Urbaine,3.0680804578230854,81.74099188914576,7.7015306999968,1.9491131428413269,timid,2020-10-06 21:53:56,0
1,34.72379905,10.72726607,27.0,2121.0,40.8,36.0,20.0,-0.129,9.562,2.16,Urbaine,-0.7542492848132258,77.2815781612872,12.733397342713713,1.7606757617504627,timid,2020-10-06 21:54:00,0
1,34.72408619,10.72717731,31.0,2382.0,28.2,36.0,20.4,0.425,9.197,2.949,Urbaine,2.520678638721696,72.08016613300694,17.7680936755443,1.2186795408693456,timid,2020-10-06 21:54:04,0
1,34.72439095,10.72709327,32.0,1549.0,29.8,36.0,18.0,0.904,9.531,2.066,Urbaine,5.298172361019799,76.7205289576107,12.182713537623028,1.0627141363396504,timid,2020-10-06 21:54:08,0
1,34.72471329,10.72699696,33.0,1623.0,29.4,36.0,18.4,0.405,9.419,2.605,Urbaine,2.37412138730783,74.39497240230953,15.452714734486134,0.015077626979689285,timid,2020-10-06 21:54:12,0
1,34.72504309,10.72689172,34.0,1634.0,22.0,36.0,17.3,-0.0,9.1,2.509,Urbaine,-0.0,74.6172369499392,15.420808501944265,0.9450718358539802,timid,2020-10-06 21:54:16,0
1,34.72536378,10.72678948,33.0,1615.0,21.6,36.0,16.9,0.436,9.655,2.497,Urbaine,2.504407497921119,75.32162677877524,14.49224555916172,0.4652015006256534,timid,2020-10-06 21:54:20,0
1,34.72574754,10.72667407,32.0,1537.0,36.5,36.0,19.2,0.7120000000000001,9.391,2.296,Urbaine,4.2138989335466635,75.67397033825253,13.706657176205828,0.2511861842775716,timid,2020-10-06 21:54:25,0
1,34.72607604,10.72657818,35.0,1704.0,36.9,36.0,20.4,0.529,9.258,2.579,Urbaine,3.151937587175821,74.15718843197315,15.548682663145325,0.1656637557347267,timid,2020-10-06 21:54:29,0
1,34.72642603,10.72647768,37.0,1780.0,29.8,36.0,18.8,0.333,9.233,2.777,Urbaine,1.9789267522297664,73.17811789669314,16.736460311925782,0.0967331178399604,timid,2020-10-06 21:54:33,0
1,34.72673449,10.72639007,32.0,1515.0,0.0,36.0,15.3,-0.389,9.583,3.286,Urbaine,-2.1998939596617997,70.9805460470171,18.920312165356354,93.06516567887593,timid,2020-10-06 21:54:37,0
1,34.72693561,10.72633258,21.0,1720.0,26.3,36.0,18.0,-0.736,9.388,3.0660000000000003,Urbaine,-4.263849804878362,71.46479201934504,18.042256319706517,5.876797385554596,timid,2020-10-06 21:54:41,0
1,34.72667969,10.72559008,25.0,1983.0,16.9,36.0,16.9,0.441,10.588,2.018,Urbaine,2.343907867726878,78.99414132107519,10.786192123459683,1.562238020175755,timid,2020-10-06 21:54:56,0
1,34.72654873,10.72530788,26.0,2106.0,17.3,36.0,16.9,-0.62,9.368,2.813,Urbaine,-3.628473165502996,72.93896527287968,16.686426698308512,0.3133979818537682,timid,2020-10-06 21:55:00,0
1,34.72642881,10.72502986,26.0,2082.0,16.1,36.0,16.9,-0.433,9.826,2.448,Urbaine,-2.4494954282017067,75.83402105909241,13.982462585863026,0.17293255249779804,timid,2020-10-06 21:55:04,0
1,34.72631357,10.72475862,26.0,2053.0,17.6,36.0,16.9,0.643,10.457,1.574,Urbaine,3.4810539431002634,80.79886616003915,8.547681088232286,1.0775701512996818,timid,2020-10-06 21:55:08,0
1,34.72619587,10.72447925,26.0,2082.0,22.0,36.0,18.4,-0.079,9.802,2.469,Urbaine,-0.4479729151547044,75.88714559752611,14.143511011789036,0.3322332570950266,timid,2020-10-06 21:55:12,0
1,34.72606696,10.72418867,27.0,2173.0,21.6,36.0,18.4,-0.112,10.255999999999998,3.079,Urbaine,-0.5995031360764469,73.3100227696415,16.716642008036768,2.4519045683753973,timid,2020-10-06 21:55:16,0
1,34.72593241,10.72389006,28.0,2234.0,19.6,36.0,18.0,0.117,9.597,3.103,Urbaine,0.6648839811360661,72.10096170928377,17.923914517407656,1.6474857223961408,timid,2020-10-06 21:55:20,0
1,34.72578381,10.723594699999998,28.0,2268.0,21.2,36.0,18.4,0.151,9.521,2.177,Urbaine,0.8861350292972497,77.12326613725423,12.883291656695732,2.5095764092715744,timid,2020-10-06 21:55:24,0
1,34.72562824,10.72330644,29.0,2302.0,21.6,36.0,18.8,0.845,7.875,1.879,Urbaine,5.961002706198134,75.37071573852678,13.351830006323366,0.13241268376509652,timid,2020-10-06 21:55:28,0
1,34.72545978,10.72302457,28.0,1337.0,0.0,36.0,14.9,1.268,7.996,1.064,Urbaine,8.937209653777849,78.3373725276925,7.490312887745032,1.6069706462139095,timid,2020-10-06 21:55:32,0
1,34.72529598,10.72275193,27.0,1306.0,20.4,36.0,15.7,-0.086,10.452,2.218,Urbaine,-0.461350497728576,78.04333364666813,11.985571900735508,1.374890197656157,timid,2020-10-06 21:55:36,0
1,34.72514279999999,10.72247997,27.0,1333.0,31.8,36.0,17.6,-0.398,9.332,3.037,Urbaine,-2.3233602211017192,71.8593885531353,18.019226032751643,1.4805668388574134,timid,2020-10-06 21:55:40,0
1,34.72498269,10.72221101,28.0,1389.0,31.8,36.0,17.6,-0.516,9.141,2.539,Urbaine,-3.1145571525573423,74.20663412557468,15.506207217260362,0.19977672028417715,timid,2020-10-06 21:55:44,0
1,34.72481477,10.72191159,29.0,1431.0,30.6,36.0,17.6,0.165,9.936,2.8480000000000003,Urbaine,0.9149472489621612,74.01170162622026,15.998795285515213,1.7199366034626282,timid,2020-10-06 21:55:48,0
1,34.7246399,10.72160231,31.0,1490.0,29.0,36.0,18.0,0.12,9.539,1.888,Urbaine,0.7073239953556552,78.81575193278809,11.199401784558077,1.7325786676280188,timid,2020-10-06 21:55:52,0
1,34.7244559,10.72129854,30.0,1461.0,17.3,36.0,16.1,-0.5589999999999999,9.301,2.357,Urbaine,-3.3356641422109257,75.43388186385447,14.201599474602515,1.1473828020641292,timid,2020-10-06 21:55:56,0
1,34.72428637,10.72099855,29.0,1418.0,20.8,36.0,16.1,0.293,8.912,2.22,Urbaine,1.828009592930305,75.92777616485911,13.986478945298536,0.6741827089337278,timid,2020-10-06 21:56:00,0
1,34.72411406,10.72070741,30.0,1454.0,27.8,36.0,18.0,-0.153,9.884,2.358,Urbaine,-0.8630026956816518,76.58707340386377,13.422217926846926,1.793361549051582,timid,2020-10-06 21:56:04,0
1,34.72393046,10.72040536,31.0,1531.0,30.6,36.0,18.0,-0.7659999999999999,10.369000000000002,1.967,Urbaine,-4.152983937556402,78.52633464090069,10.717394712812775,2.5949165078405945,timid,2020-10-06 21:56:08,0
1,34.72374611,10.72007952,33.0,1588.0,29.4,36.0,18.0,-0.231,9.538,2.0780000000000003,Urbaine,-1.356157003022509,77.66872416129647,12.292408597453823,0.10186987335845288,timid,2020-10-06 21:56:12,0
1,34.72356733,10.7197272,34.0,1635.0,28.6,36.0,18.0,-0.575,9.481,2.157,Urbaine,-3.3857595798453146,76.78332851898526,12.799740472896767,0.8776343325019411,timid,2020-10-06 21:56:16,0
1,34.72338241,10.71936438,35.0,1702.0,14.1,36.0,16.1,-0.034,9.324,2.642,Urbaine,-0.20109945216974,74.20978124923295,15.826919335089409,1.5140929814650406,timid,2020-10-06 21:56:20,0
1,34.72321311,10.71901924,32.0,1576.0,16.1,36.0,16.1,0.341,9.493,2.298,Urbaine,2.0003910316629567,76.28086343662156,13.605295256061597,0.5149445846061269,timid,2020-10-06 21:56:24,0
1,34.72306361,10.71869293,30.0,1442.0,7.8,36.0,14.9,0.411,9.475,2.958,Urbaine,2.3720613133563377,72.5363665958475,17.32984968881221,17.551109540139635,timid,2020-10-06 21:56:28,0
1,34.7229533,10.71844633,20.0,829.0,14.1,36.0,14.1,0.775,8.824,2.472,Urbaine,4.8361954561160765,73.66941412167769,15.599455687676173,36.50739675240004,timid,2020-10-06 21:56:32,0
1,34.72293118,10.71825365,16.0,1257.0,18.4,36.0,14.5,0.715,9.288,2.632,Urbaine,4.237650665026765,73.66643604035983,15.783802068368287,22.052584444834853,timid,2020-10-06 21:56:36,0
1,34.72299766,10.71813831,17.0,1345.0,29.8,36.0,17.3,-0.435,9.36,2.372,Urbaine,-2.5805371354598243,75.58418082876891,14.211748953014476,5.133560663176468,timid,2020-10-06 21:56:39,0
1,34.72315883,10.71801244,19.0,1524.0,28.2,36.0,17.3,-0.375,9.795,2.139,Urbaine,-2.142962334307106,77.53207152668561,12.315135953395936,0.9004498216862089,timid,2020-10-06 21:56:43,0
1,34.72334021,10.7178953,20.0,1568.0,18.0,36.0,16.1,-0.259,9.175,3.072,Urbaine,-1.5339917066309838,71.45729128677756,18.512678455618406,103.38388187407024,timid,2020-10-06 21:56:47,0
1,34.72349565,10.71779834,18.0,1422.0,12.9,36.0,14.9,0.464,9.112,3.385,Urbaine,2.7340668522780565,69.475221733501,20.363833269693288,20.999892337980047,timid,2020-10-06 21:56:51,0
1,34.71184301,10.70628273,14.35802606367397,1593.9079278431898,17.87053113039827,36.0,15.467877029533572,-0.139,9.065,3.745,Urbaine,-0.8122805727083059,67.56776809776754,22.453972717181053,85.51174892324521,timid,2020-10-07 08:01:41,0
1,34.71183452,10.70627901,11.291300987481707,1839.24804501301,27.472242676098727,36.0,16.856855748335427,-0.7140000000000001,9.235,3.172,Urbaine,-4.183878628922321,70.63421262834359,18.911960000556476,32.56522530538789,timid,2020-10-07 08:01:45,0
1,34.711808500000004,10.70632764,11.0,1682.0,34.1,36.0,17.3,-0.604,9.541,2.839,Urbaine,-3.4737196327582516,73.1102107089251,16.54648652923925,3.154236404449364,timid,2020-10-07 08:01:49,0
1,34.71170519,10.70638558,14.0,1110.0,31.0,36.0,16.1,-0.589,9.245,3.4330000000000003,Urbaine,-3.419391000685496,69.38483637938414,20.342521648511905,2.1432330284876286,timid,2020-10-07 08:01:53,0
1,34.71157284,10.706469699999998,16.0,1265.0,20.8,36.0,15.7,-0.53,9.082,3.591,Urbaine,-3.1076501914710857,68.24319487602203,21.54954066812622,0.4302642489102766,timid,2020-10-07 08:01:57,0
1,34.71141649,10.70656105,17.0,1310.0,19.2,36.0,15.3,-0.34600000000000003,9.084,3.971,Urbaine,-1.9996593886429712,66.33623786677639,23.60690634327458,8.498510601144233,timid,2020-10-07 08:02:01,0
1,34.71124734,10.70666159,15.0,1163.0,13.7,36.0,14.5,-0.307,9.046,3.931,Urbaine,-1.783553589961604,66.47666964028544,23.485551661711984,166.99198327813394,timid,2020-10-07 08:02:06,0
1,34.71116862,10.70669376,12.0,957.0,15.7,36.0,14.1,-0.251,8.919,4.662,Urbaine,-1.429295475942267,62.39604510556119,27.598615822824087,100.21636886723448,timid,2020-10-07 08:02:10,0
1,34.71117349,10.70669032,0.0,837.0,14.5,36.0,13.7,-0.547,9.111,3.918,Urbaine,-3.1582183576050555,66.55762005548188,23.241573911078426,129.2127215707581,timid,2020-10-07 08:02:14,0
1,34.71116647,10.70668341,3.0,1913.0,43.5,36.0,19.2,-1.284,8.899,3.0460000000000003,Urbaine,-7.776716036709964,69.6517288818741,18.72313067231316,41.86091104446273,timid,2020-10-07 08:02:18,0
1,34.71116094,10.70674263,11.0,1599.0,43.1,36.0,18.8,-0.197,9.482,3.217,Urbaine,-1.1276079593182389,71.256700788193,18.744919276679212,4.221029612865976,timid,2020-10-07 08:02:22,0
1,34.71125556,10.70687038,16.0,1299.0,34.9,36.0,18.0,-0.441,6.3370000000000015,1.634,Urbaine,-3.856800647461256,75.07837820013869,14.431478937987409,2.751285521334502,timid,2020-10-07 08:02:26,0
1,34.71139578,10.70703313,19.0,1476.0,34.5,36.0,19.2,0.49,9.313,3.439,Urbaine,2.8268483379511267,69.57396937496533,20.250448064334325,5.295341420516344,timid,2020-10-07 08:02:30,0
1,34.71155631,10.70723863,23.0,1863.0,26.7,36.0,18.8,-0.573,9.601,4.015,Urbaine,-3.1528943729406427,67.12805844431162,22.667324947521173,8.015806836945679,timid,2020-10-07 08:02:34,0
1,34.71172219,10.70749701,26.0,2046.0,19.6,36.0,17.6,-0.511,9.237,3.771,Urbaine,-2.9332106466207795,67.63786972835359,22.186469077362148,3.2714590628194955,timid,2020-10-07 08:02:38,0
1,34.71193091,10.70773953,27.0,2110.0,16.5,36.0,16.9,-0.5,9.209,3.596,Urbaine,-2.896523326486242,68.51240123151601,21.310475165547828,3.6250932898484862,timid,2020-10-07 08:02:42,0
1,34.71210045,10.70796092,27.0,2173.0,19.6,36.0,17.6,0.204,9.111,3.5580000000000003,Urbaine,1.1953255889901078,68.66564856832174,21.335638736433236,0.7412373704932733,timid,2020-10-07 08:02:46,0
1,34.71228668,10.7082389,29.0,2304.0,22.7,36.0,18.8,-0.911,9.149,3.3110000000000004,Urbaine,-5.351322308613192,69.45591904448628,19.813163058322512,4.991739096090967,timid,2020-10-07 08:02:50,0
1,34.71252238,10.70860076,31.0,2436.0,22.0,36.0,19.2,0.07200000000000001,9.193,3.4410000000000003,Urbaine,0.4204371961422916,69.50404821509638,20.52930105328855,0.15995058928152162,timid,2020-10-07 08:02:55,0
1,34.71273997,10.70887856,31.0,2487.0,15.7,36.0,17.3,-0.974,9.022,3.931,Urbaine,-5.654640173095671,65.85308007172692,23.431948126881075,3.8675342403951447,timid,2020-10-07 08:02:59,0
1,34.71294382,10.70914032,32.0,2521.0,20.8,36.0,18.4,-0.969,8.667,3.793,Urbaine,-5.850561391826546,65.7194304142694,23.51546726698668,3.4609297052220143,timid,2020-10-07 08:03:03,0
1,34.71317498,10.70939906,32.0,2556.0,20.4,36.0,18.8,-0.642,8.876,3.623,Urbaine,-3.832772687298224,67.51264795581635,22.16137982391205,1.0613136798173954,timid,2020-10-07 08:03:07,0
1,34.71340568,10.709691,33.0,2606.0,20.4,36.0,18.8,-1.035,9.105,3.915,Urbaine,-5.964266092878827,66.05053387687904,23.14350785656757,0.5791725880789755,timid,2020-10-07 08:03:11,0
1,34.71364679,10.70998476,33.0,2623.0,31.4,36.0,18.8,-0.7929999999999999,9.026,3.719,Urbaine,-4.646021484925383,67.18295548298981,22.325172888679653,1.4332033434122806,timid,2020-10-07 08:03:15,0
1,34.71389633,10.7102826,35.0,1705.0,29.0,36.0,19.2,-0.5870000000000001,9.062,3.5410000000000004,Urbaine,-3.4541268579678888,68.42112378195793,21.311575022853447,0.16752725936389368,timid,2020-10-07 08:03:19,0
1,34.71413258,10.71057935,30.0,1526.0,14.1,36.0,14.9,-0.799,9.746,3.43,Urbaine,-4.423914198954809,70.16172718015646,19.337126871361853,1.4644441270559767,timid,2020-10-07 08:03:23,0
1,34.71436418,10.71086852,34.0,1671.0,42.7,36.0,21.2,-1.123,8.996,3.687,Urbaine,-6.5917255956757606,66.8360941294881,22.14055043616358,1.6873757849022155,timid,2020-10-07 08:03:27,0
1,34.71469332,10.71125861,36.0,1701.0,16.9,36.0,15.3,-0.985,9.575,3.684,Urbaine,-5.486521548061979,68.313097250366,20.95230734221429,3.1138379304167074,timid,2020-10-07 08:03:32,0
1,34.71494972,10.71158131,37.0,1802.0,29.0,36.0,19.2,-0.684,9.333,3.62,Urbaine,-3.910513415836205,68.48809460599145,21.157080337016424,2.450899434074429,timid,2020-10-07 08:03:36,0
1,34.71519835,10.71193175,39.0,1897.0,22.7,36.0,18.0,-0.475,8.856,3.26,Urbaine,-2.8827104259744627,69.62426793764668,20.191134665438792,3.5196756984870063,timid,2020-10-07 08:03:40,0
1,34.71539955,10.71224271,25.0,1170.0,0.0,36.0,14.9,-0.915,9.586,4.303,Urbaine,-4.978911392857773,65.37628185438615,24.08778990760914,4.517754850302502,timid,2020-10-07 08:03:44,0
1,34.71552625,10.71246771,24.0,1168.0,89.0,36.0,87.1,-0.523,9.539,2.903,Urbaine,-3.0038160536075598,72.84765732519405,16.909766619313828,1.867691802483442,timid,2020-10-07 08:03:48,0
1,34.71573443,10.71277749,36.0,1760.0,90.6,36.0,87.5,-0.306,9.191,3.2710000000000004,Urbaine,-1.797323530507873,70.36052798422952,19.58847272861321,0.3282022851098389,timid,2020-10-07 08:03:52,0
1,34.71597639,10.71316419,40.0,1943.0,30.6,36.0,19.6,-0.74,8.168,3.274,Urbaine,-4.808922715381518,67.6887061878429,21.770963879073854,3.5084021909762986,timid,2020-10-07 08:03:56,0
1,34.71621463,10.71354984,39.0,1866.0,17.3,36.0,16.9,-0.884,9.229,3.761,Urbaine,-5.071143382199323,67.31302422274672,22.089912717806765,1.1322777916057023,timid,2020-10-07 08:04:00,0
1,34.71648057,10.71392663,42.0,2023.0,29.4,36.0,19.6,-0.569,9.639,3.707,Urbaine,-3.1549662551585134,68.76866739378423,21.011430238449737,0.9813712043175542,timid,2020-10-07 08:04:04,0
1,34.71675093,10.71429405,42.0,2019.0,18.4,36.0,16.9,-1.331,8.976,3.693,Urbaine,-7.811648258773443,66.40654205272659,22.15472213924947,1.0916537847670609,timid,2020-10-07 08:04:08,0
1,34.71701672,10.71466853,39.0,1904.0,29.0,36.0,19.6,-0.161,8.748,2.744,Urbaine,-1.0064689371516882,72.58737142107951,17.419755063213874,1.7692612801556606,timid,2020-10-07 08:04:12,0
1,34.7172604,10.71499836,36.0,1749.0,33.7,36.0,19.6,-0.581,9.577,3.818,Urbaine,-3.226745040298842,68.06685974114579,21.708358355985023,4.617895602551903,timid,2020-10-07 08:04:16,0
1,34.71752512,10.71533444,37.0,1821.0,23.9,36.0,17.6,-0.218,9.525,3.739,Urbaine,-1.2209889244397345,68.56359526655301,21.4362431596462,0.3174465240126381,timid,2020-10-07 08:04:20,0
1,34.717760299999995,10.7156883,38.0,1843.0,29.0,36.0,19.2,-0.182,9.164,3.212,Urbaine,-1.0741883996058381,70.68552087037283,19.320301479741925,5.435271753321743,timid,2020-10-07 08:04:24,0
1,34.71800275,10.71605752,38.0,1861.0,29.8,36.0,19.6,0.087,9.62,3.684,Urbaine,0.4840878132634865,69.06939967803079,20.96252578573489,5.098623847308972,timid,2020-10-07 08:04:28,0
1,34.71821258,10.71645456,38.0,1825.0,13.3,36.0,16.1,-0.378,9.354,3.631,Urbaine,-2.158330128021771,68.70962671766036,21.208223596266105,3.7961535910882063,timid,2020-10-07 08:04:32,0
1,34.71843853,10.7169932,39.0,1885.0,23.1,36.0,17.6,-0.742,9.053,3.242,Urbaine,-4.4142415321326265,69.85755112211207,19.650624601251263,0.6376384804644104,timid,2020-10-07 08:04:37,0
1,34.71864402,10.71740439,42.0,1976.0,20.8,36.0,17.6,-0.551,8.811,4.188,Urbaine,-3.2339968432056363,64.41364248274915,25.389842061872184,2.5419111258815903,timid,2020-10-07 08:04:41,0
1,34.71884201,10.71781185,36.0,1719.0,0.0,36.0,15.3,-0.278,9.288,3.945,Urbaine,-1.5787135572864397,66.96423803331511,23.013445765239943,0.07116512432993005,timid,2020-10-07 08:04:45,0
1,34.71902178,10.71814353,34.0,1647.0,33.7,36.0,19.6,0.13699999999999998,8.844,3.307,Urbaine,0.8316283860323951,69.51118288237541,20.508479326835786,0.5549719402753368,timid,2020-10-07 08:04:49,0
1,34.71927553,10.71861032,38.0,1822.0,11.8,36.0,20.4,-0.563,9.033,3.525,Urbaine,-3.324416847938024,68.46590130830067,21.28891607535366,1.0216776456715309,timid,2020-10-07 08:04:54,0
1,34.71947067,10.71897773,36.0,1749.0,20.4,36.0,17.3,-0.014,9.012,3.904,Urbaine,-0.08170831181907517,66.60574043228725,23.43214535831607,3.031397178892689,timid,2020-10-07 08:04:58,0
1,34.71966963,10.71933673,35.0,1686.0,18.0,36.0,16.9,-0.523,9.502,3.135,Urbaine,-2.993371245447324,71.53564515994185,18.241240064905654,4.685221796036842,timid,2020-10-07 08:05:02,0
1,34.71983969,10.71968596,33.0,1601.0,11.0,36.0,15.3,-0.655,8.4,4.466,Urbaine,-3.94027009389916,61.7745467349158,27.93797388166913,9.567859303893867,timid,2020-10-07 08:05:06,0
1,34.71993686,10.71993546,18.0,864.0,14.1,36.0,13.7,0.456,8.886000000000003,3.677,Urbaine,2.7159316028980283,67.39395936872397,22.46250956937804,3.4759633507404004,timid,2020-10-07 08:05:10,0
1,34.71996916,10.72009128,14.0,1092.0,23.1,36.0,16.9,-1.046,9.322,3.841,Urbaine,-5.9255261767971135,66.90378695462093,22.276864039553498,43.240727254535315,timid,2020-10-07 08:05:14,0
1,34.71998597,10.72020743,10.0,1215.0,65.9,36.0,24.7,-2.175,9.331,3.151,Urbaine,-12.458686969381874,67.7189385528346,18.212457773240413,18.635753613939237,timid,2020-10-07 08:05:18,0
1,34.72010266,10.72030033,15.0,1194.0,25.9,36.0,16.9,0.265,9.464,3.417,Urbaine,1.5092763731929189,70.12245657558428,19.853457420786352,9.245350094207822,timid,2020-10-07 08:05:22,0
1,34.720245,10.72052086,20.0,1632.0,18.0,36.0,14.9,-0.366,9.357,3.372,Urbaine,-2.1083411411570454,70.10462468321829,19.8121448781981,2.369319427809657,timid,2020-10-07 08:05:27,0
1,34.72032559,10.72070537,17.0,1340.0,8.2,36.0,14.9,0.198,8.469,3.64,Urbaine,1.2310131332058891,66.73930961676689,23.262319788097145,2.9377274475838817,timid,2020-10-07 08:05:31,0
1,34.72045064,10.72096217,24.0,1956.0,69.8,36.0,23.5,-0.585,8.878,3.176,Urbaine,-3.5517348671640856,70.04042607273351,19.6530452209928,1.2126081725317022,timid,2020-10-07 08:05:35,0
1,34.72059784,10.72130851,30.0,2417.0,24.7,36.0,20.8,-0.495,9.255,3.418,Urbaine,-2.8734703264129555,69.56549778036032,20.251865183349217,3.716102336833245,timid,2020-10-07 08:05:39,0
1,34.72074636,10.72167958,36.0,2840.0,16.5,36.0,18.8,-0.696,9.13,4.017,Urbaine,-3.9931478640826867,65.96551654853774,23.697324783244014,0.14870121795271984,timid,2020-10-07 08:05:43,0
1,34.7209724,10.72215285,36.0,1733.0,22.4,36.0,17.3,-0.342,9.134,4.171,Urbaine,-1.9515316162803271,65.41143131243044,24.538803556466398,0.6661810727675217,timid,2020-10-07 08:05:48,0
1,34.7211034,10.72242531,34.0,1639.0,11.4,36.0,15.3,-0.44,9.164,3.225,Urbaine,-2.5943184391230747,70.47571649232606,19.37555805711815,0.2101309705239132,timid,2020-10-07 08:05:51,0
1,34.72127932,10.72278056,35.0,1697.0,33.3,36.0,19.6,-0.7659999999999999,9.126,3.301,Urbaine,-4.5149716885775,69.65822323644272,19.829889313964298,0.4776243441768031,timid,2020-10-07 08:05:55,0
1,34.72145759,10.72313726,38.0,1849.0,33.3,36.0,20.4,-0.504,9.238,3.31,Urbaine,-2.9413688252745254,70.10746317242439,19.694038123545827,0.6211557411853974,timid,2020-10-07 08:05:59,0
1,34.72166741,10.72354848,40.0,1947.0,23.5,36.0,19.2,-0.326,9.791,2.52,Urbaine,-1.8476426033300808,75.48323055098645,14.431913284258995,1.5318591896564584,timid,2020-10-07 08:06:03,0
1,34.72188954,10.72397241,41.0,1971.0,23.5,36.0,18.4,-0.4,9.495,3.689,Urbaine,-2.2496775731471077,68.68358587792197,21.223984103763886,0.04525506456854345,timid,2020-10-07 08:06:07,0
1,34.72210252,10.72440674,42.0,2042.0,18.8,36.0,17.3,-0.562,8.94,3.384,Urbaine,-3.3661156099614002,69.03696209958254,20.70419889062872,1.8733118069872676,timid,2020-10-07 08:06:11,0
1,34.72231256,10.72483422,41.0,2001.0,16.5,36.0,16.9,-1.122,9.062,4.051,Urbaine,-6.4517031269361595,65.14277803057196,23.934293704498874,0.5564920799767634,timid,2020-10-07 08:06:15,0
1,34.72253427,10.72525049,40.0,1934.0,16.5,36.0,16.9,-0.055,9.364,3.801,Urbaine,-0.3119489003503015,67.93358094548292,22.10202885116889,3.8012324972814113,timid,2020-10-07 08:06:19,0
1,34.72275142,10.72566792,38.0,1841.0,14.9,36.0,16.5,-0.448,9.252,3.753,Urbaine,-2.570272298715828,67.80756214475781,22.065505903982835,2.778182206687944,timid,2020-10-07 08:06:23,0
1,34.72290909,10.7260274,36.0,1765.0,11.4,36.0,15.3,-0.193,8.788,3.783,Urbaine,-1.1561097447445978,66.71054067713368,23.295417729642946,3.864701928165204,timid,2020-10-07 08:06:27,0
1,34.72306448,10.7263396,33.0,1607.0,0.0,36.0,14.9,0.436,7.599,2.681,Urbaine,3.0984045804813998,70.3605781598321,19.41200994681836,5.688298134056553,timid,2020-10-07 08:06:31,0
1,34.72317453,10.72660403,21.0,931.0,12.9,36.0,14.1,-0.631,9.009,3.583,Urbaine,-3.7252859758661887,68.03823054440853,21.649426569855276,4.376601011975538,timid,2020-10-07 08:06:35,0
1,34.72328076,10.72680145,13.0,834.0,14.9,36.0,14.1,-0.428,9.025,4.684,Urbaine,-2.4113118465076924,62.499463034813225,27.414716511110317,60.55818315324271,timid,2020-10-07 08:06:39,0
1,34.72331651,10.72685722,2.0,836.0,15.3,37.0,14.1,-0.655,9.193,3.633,Urbaine,-3.7926580263636565,68.15020247352487,21.52309105582826,146.63706575106653,timid,2020-10-07 08:06:43,0
1,34.72331624,10.72685773,0.0,859.0,14.5,37.0,14.1,-0.32299999999999995,9.268,3.45,Urbaine,-1.8714948549661317,69.5297922244164,20.41497170326011,47.00213135750386,timid,2020-10-07 08:06:47,0
1,34.72331779,10.72685688,0.0,847.0,14.9,37.0,14.1,-0.3720000000000001,9.273,3.409,Urbaine,-2.157234101418952,69.73463009617254,20.178374231857678,46.30343699213665,timid,2020-10-07 08:06:51,0
1,34.72331887,10.72685263,0.0,846.0,14.9,37.0,14.1,-0.355,9.284,3.403,Urbaine,-2.057019595337588,69.79895259583931,20.125120313817156,158.19657520270115,timid,2020-10-07 08:06:55,0
1,34.72331988,10.72685206,0.0,846.0,14.5,37.0,14.1,-0.473,9.234,3.3710000000000004,Urbaine,-2.7559770796204086,69.79358232720006,20.03960991268949,48.220407572059116,timid,2020-10-07 08:06:59,0
1,34.72331931,10.72685277,0.0,840.0,14.9,37.0,14.1,-0.215,9.272,3.389,Urbaine,-1.2481685870543338,69.91459622884189,20.081336491756925,20.016195701612205,timid,2020-10-07 08:07:03,0
1,34.72331945,10.72685361,0.0,839.0,14.5,37.0,14.1,-0.59,9.203,3.491,Urbaine,-3.4317580469065656,68.98681050607314,20.743210030734502,5.197300273013583,timid,2020-10-07 08:07:07,0
1,34.72331896,10.72685624,0.0,838.0,14.9,37.0,14.1,-0.314,9.265,3.344,Urbaine,-1.826637692386472,70.10323586002531,19.843829810684817,7.747392043422097,timid,2020-10-07 08:07:11,0
1,34.72331885,10.72685663,0.0,831.0,14.5,37.0,14.1,-0.557,9.256,3.492,Urbaine,-3.223915272150123,69.12044948784343,20.64447243124836,13.371330864414036,timid,2020-10-07 08:07:15,0
1,34.72331875,10.72685686,0.0,843.0,14.1,38.0,14.1,-0.22,9.3,3.445,Urbaine,-1.2713137438311994,69.66528255533741,20.32951684124458,65.55531888038374,timid,2020-10-07 08:07:19,0
1,34.72331869,10.72685694,1.0,1718.0,50.6,38.0,18.0,-0.451,9.424,2.407,Urbaine,-2.6559124166078543,75.46537406903131,14.318043352953293,4.098820727774744,timid,2020-10-07 08:07:23,0
1,34.72336261,10.72693721,12.0,1795.0,31.0,38.0,18.4,-0.377,9.342,2.875,Urbaine,-2.209748756752024,72.78721929090098,17.099870573173085,3.853403173875805,timid,2020-10-07 08:07:27,0
1,34.72343785,10.72710165,16.0,2286.0,31.4,38.0,20.8,0.426,9.091,3.039,Urbaine,2.5457476281543863,71.37779233868284,18.473014018940987,0.8043932114076853,timid,2020-10-07 08:07:31,0
1,34.72351772,10.72731265,17.0,2075.0,0.0,38.0,15.3,0.112,8.843,3.831,Urbaine,0.6661234900425275,66.59579161995232,23.43164444545736,4.234240123339107,timid,2020-10-07 08:07:35,0
1,34.72361666,10.72758554,24.0,1876.0,20.8,38.0,18.4,-0.482,9.092,3.217,Urbaine,-2.8623247656461968,70.34368300121453,19.468139159262236,5.854120717371828,timid,2020-10-07 08:07:39,0
1,34.72374905,10.72788063,28.0,2209.0,14.9,38.0,16.5,-0.5579999999999999,8.559,3.277,Urbaine,-3.4855984046434005,68.80376141066442,20.918733499521615,0.8988457981521378,timid,2020-10-07 08:07:43,0
1,34.72385925,10.72821367,32.0,2518.0,27.1,38.0,20.4,-0.212,9.22,2.986,Urbaine,-1.2536696654220518,72.04305175926555,17.948271468227087,0.4846362433479925,timid,2020-10-07 08:07:47,0
1,34.72398076,10.72860117,35.0,2751.0,25.1,38.0,20.4,-0.6409999999999999,9.584,2.392,Urbaine,-3.714386295607704,75.54421217290479,13.989634564927664,1.82458311542743,timid,2020-10-07 08:07:51,0
1,34.72414812,10.72911949,38.0,1830.0,27.1,38.0,17.3,-0.414,9.503,3.614,Urbaine,-2.332778968567569,69.08293869901568,20.81261030883486,0.2612257642624769,timid,2020-10-07 08:07:56,0
1,34.72430483,10.7295567,40.0,1880.0,40.0,37.0,19.6,-0.593,9.271,3.692,Urbaine,-3.4021963087718703,68.0628089593112,21.682970308146626,0.5990824735498279,timid,2020-10-07 08:08:00,0
1,34.72446683,10.73001524,41.0,2008.0,17.6,37.0,16.9,-0.996,9.125,3.999,Urbaine,-5.711405232557189,65.72218264801533,23.550737107709132,1.6797665364634329,timid,2020-10-07 08:08:04,0
1,34.7246244,10.73044682,38.0,1847.0,7.5,37.0,15.3,-0.413,9.658,4.021,Urbaine,-2.2616844155416853,67.31771567842216,22.59483791699285,2.9148947451480036,timid,2020-10-07 08:08:08,0
1,34.72478143,10.73084068,35.0,1703.0,11.4,37.0,15.3,-0.046,8.712,3.778,Urbaine,-0.27766696680133945,66.58238974551752,23.453813268260735,3.2050102163115497,timid,2020-10-07 08:08:12,0
1,34.72490738,10.73121019,33.0,1616.0,9.4,37.0,14.9,-0.659,8.948,3.821,Urbaine,-3.876413397777332,66.5997447884881,23.07742237322565,1.0660191761854634,timid,2020-10-07 08:08:16,0
1,34.72505187,10.73156733,30.0,1458.0,27.8,37.0,20.8,-0.8809999999999999,9.262,2.632,Urbaine,-5.230056699579913,73.349155581909,15.802619287638693,0.05799316956785105,timid,2020-10-07 08:08:20,0
1,34.72520962,10.73197912,39.0,1904.0,0.0,37.0,14.9,-0.718,9.015,3.683,Urbaine,-4.218536962747526,67.42983567491602,22.168060880581173,1.2204522212115592,timid,2020-10-07 08:08:24,0
1,34.72536434,10.73238178,37.0,1802.0,26.3,37.0,18.4,-1.204,9.628,3.842,Urbaine,-6.627794388678013,67.33474888623844,21.610738517268235,3.3638469871890355,timid,2020-10-07 08:08:28,0
1,34.72552751,10.73278083,36.0,1771.0,7.5,37.0,15.3,0.483,9.253,3.043,Urbaine,2.8399801376981824,71.61336776175725,18.188858083677285,0.7138366288717748,timid,2020-10-07 08:08:32,0
1,34.72571818,10.73317873,39.0,1904.0,43.1,37.0,22.0,-0.261,8.816,2.9560000000000004,Urbaine,-1.6085167055301997,71.42674670841095,18.536543437937507,3.0247058350974716,timid,2020-10-07 08:08:36,0
1,34.72591837,10.73361021,42.0,2022.0,24.7,37.0,18.4,-0.226,9.556,2.616,Urbaine,-1.307286353705471,74.66731760213537,15.312287830234911,1.2184942999163937,timid,2020-10-07 08:08:40,0
1,34.72613445,10.73401807,41.0,1986.0,16.5,37.0,15.3,-0.907,8.352,3.5460000000000003,Urbaine,-5.710762252589184,66.36320912441728,22.89366752822713,1.0961066212664363,timid,2020-10-07 08:08:44,0
1,34.72631456,10.73434123,32.0,1557.0,32.5,37.0,15.3,0.096,9.443,3.632,Urbaine,0.5438707390869555,68.98452720321269,21.04581851386524,1.0853489555096232,timid,2020-10-07 08:08:48,0
1,34.72654654,10.73477685,37.0,1780.0,25.1,37.0,18.0,-0.585,9.476,3.494,Urbaine,-3.3164343993035232,69.53095294606678,20.213182957176816,1.9311810949358017,timid,2020-10-07 08:08:53,0
1,34.72672559,10.73509825,27.0,1253.0,0.0,37.0,15.3,-0.647,8.421,4.199,Urbaine,-3.935009900426626,63.25491944279235,26.446320375020093,1.0228275784557963,timid,2020-10-07 08:08:57,0
1,34.72686005,10.73532156,22.0,1811.0,52.9,37.0,21.6,0.073,9.508,2.901,Urbaine,0.4209238188985873,73.05825848811645,16.974250787998795,2.004359433077795,timid,2020-10-07 08:09:01,0
1,34.72702879,10.73561347,28.0,1399.0,20.4,37.0,19.6,0.028,8.779,2.91,Urbaine,0.17353255119288333,71.690544237763,18.34662169951764,0.0930350125236643,timid,2020-10-07 08:09:05,0
1,34.72720559,10.73594562,35.0,1671.0,31.4,37.0,18.4,-0.815,9.128,3.282,Urbaine,-4.804728190533801,69.70113964978708,19.712215919758783,0.185241724431414,timid,2020-10-07 08:09:09,0
1,34.72742192,10.73635363,32.0,1524.0,7.8,37.0,15.3,-1.195,9.459,3.681,Urbaine,-6.717589940182385,67.77689873877802,21.119718094404078,1.608938647218892,timid,2020-10-07 08:09:14,0
1,34.72759876,10.73668457,32.0,1565.0,26.3,37.0,19.2,-0.239,9.496,2.528,Urbaine,-1.393827565277728,75.06084218707484,14.909170486944024,1.5296963992310566,timid,2020-10-07 08:09:18,0
1,34.72779117,10.73707033,38.0,1825.0,30.2,37.0,18.4,-0.701,9.223,3.625,Urbaine,-4.0479581218467064,68.21157708708253,21.409695110909183,0.3041474126816013,timid,2020-10-07 08:09:22,0
1,34.72796269,10.7374385,36.0,1722.0,1.6,37.0,15.7,0.071,8.442,4.279,Urbaine,0.4299892818301051,63.14439989215701,26.88964640985117,0.9110333800593792,timid,2020-10-07 08:09:26,0
1,34.72809277,10.73771389,29.0,1388.0,0.0,37.0,14.1,-0.932,8.854,3.706,Urbaine,-5.548396516027972,66.68310197300417,22.60995491943865,1.7625108545417447,timid,2020-10-07 08:09:30,0
1,34.72818052,10.73790758,14.0,777.0,13.3,37.0,14.9,-1.018,9.104,3.951,Urbaine,-5.859148631402991,65.88787291416894,23.340257884875626,27.81069799234265,timid,2020-10-07 08:09:34,0
1,34.72821517,10.73799078,3.0,836.0,14.5,37.0,14.1,-0.338,9.012,3.812,Urbaine,-1.979185708689327,67.01976278658839,22.923193359643268,73.12628413179681,timid,2020-10-07 08:09:38,0
